DPM1: 0.0042741596524138005
FKBP4: 0.0012137714130221865
RALA: 0.005113371870829724
RPS20: 0.003728563717795623
BAZ1B: 0.003596940878778696
CD9: 0.004564874415227678
FYN: 0.0010948412137804552
CD44: 0.004043880164826988
USE1: 0.0015957624549628236
SLC2A3: 0.0012735808907018509
PKM: 0.005145819569006563
ATP1B3: 0.008310399733891244
NCK2: 0.0015077543258666991
GPR137B: 0.006177964468806749
GNAS: 0.0039509343524696304
DNAJB11: 0.006216826066374779
TMEM14A: 0.0013663323782384395
CIRBP: 0.2266888823127374
RANBP1: 0.0017683520610444247
PHF5A: 0.0020950595289468766
YY1: 0.006465257788076997
NFATC2: 0.005495419882936403
GSPT1: 0.001549336314201355
GSDMD: 0.00485613115830347
EEF1D: 0.33198688343167304
NAPA: 0.0021568574896082284
NAMPT: 0.003535391226178035
TAX1BP1: 0.003710975458379835
RHEB: 0.0017318355850875378
EDF1: 0.004105718659120612
LMNB1: 0.023276187849696726
SMC4: 0.0015555827994830906
KAT2B: 0.002675039398018271
SOS1: 0.004232677639083704
STMN1: 0.017767311166971923
RPS25: 0.0023579980805516244
EGR1: 0.010869557531550526
DUSP4: 0.001143682454712689
GTF3A: 0.0012921427935361862
HNRNPA2B1: 0.0012047208100557328
NT5C3A: 0.005038220866408665
FOSB: 0.009239092930220067
ECHS1: 0.012627321378677153
TPST2: 0.0013802665728144348
NDUFA5: 0.003238898245617747
MIS18BP1: 0.003211757343960926
ARPC1B: 0.0010944721475243569
DNAJB1: 0.001089063233230263
NUP58: 0.004659513053484261
TMC6: 0.0014077213406562805
NARF: 0.006931641576811671
PMAIP1: 0.0012464586464921012
NFKBIZ: 0.0010763489361852408
PPP1R18: 0.0011259257886558772
ARHGAP18: 0.0010630287881940603
PIP4K2A: 0.024191901898011566
DBI: 0.001907385125887231
RPL30: 0.01771749583538622
CCDC107: 0.003061949436087161
VPS28: 0.0016210617497563363
RPL8: 0.0015150576760061085
ARPC5: 0.0019279716239543631
HMGB2: 0.004574040729785338
PTTG1: 0.0027398078596161213
CRYL1: 0.00145544631552184
VDAC2: 0.003586051785387099
PCBD1: 0.005166221978724934
FTH1: 0.0011852350883418694
SLC3A2: 0.002462634539260762
ARF4: 0.0027352971700020136
RPS9: 0.0021703021181747315
EIF3K: 0.01165464315097779
PTRHD1: 0.01016862189247604
RPL23A: 0.004222424071049318
ANKRD28: 0.0014731799275614322
SNHG7: 0.0013914871215820312
SNHG8: 0.0313762913714163
DUSP10: 0.0077645668224431575
TSHZ2: 0.017030939959804526
C3orf38: 0.0010413289954885841
C15orf48: 0.0044128238316625355
AC022431.1: 0.0012640981376171112
